Y:\Programms\Wspolbiezne\projekt2\cmake-build-debug\projekt2.exe
574 6 2 7 6 5 : 236.855 : 600
574 6 2 7 6 5 : 236.855 : 600
574 6 2 7 6 5 : 236.855 : 600
574 6 2 7 6 5 : 236.855 : 600
574 6 2 7 6 5 : 236.855 : 600
574 6 2 7 6 5 : 236.855 : 600
574 6 2 7 6 5 : 236.855 : 600
551 11 6 13 8 11 : 236.855 : 600
531 18 8 17 11 15 : 311.562 : 600
531 18 8 17 11 15 : 311.562 : 600
531 18 8 17 11 15 : 311.562 : 600
531 18 8 17 11 15 : 311.562 : 600
531 18 8 17 11 15 : 311.562 : 600
531 18 8 17 11 15 : 311.562 : 600
531 18 8 17 11 15 : 311.562 : 600
513 19 12 22 16 18 : 375.249 : 600
499 22 14 29 17 19 : 419.532 : 600
499 22 14 29 17 19 : 419.532 : 600
499 22 14 29 17 19 : 419.532 : 600
499 22 14 29 17 19 : 419.532 : 600
499 22 14 29 17 19 : 419.532 : 600
499 22 14 29 17 19 : 419.532 : 600
499 22 14 29 17 19 : 419.532 : 600
479 28 18 33 19 23 : 480.873 : 600
454 33 24 37 21 31 : 552.169 : 600
454 33 24 37 21 31 : 552.169 : 600
454 33 24 37 21 31 : 552.169 : 600
454 33 24 37 21 31 : 552.169 : 600
454 33 24 37 21 31 : 552.169 : 600
454 33 24 37 21 31 : 552.169 : 600
454 33 24 37 21 31 : 552.169 : 600
438 35 26 41 25 35 : 594.86 : 600
429 35 29 43 27 37 : 618.274 : 600
429 35 29 43 27 37 : 618.274 : 600
429 35 29 43 27 37 : 618.274 : 600
429 35 29 43 27 37 : 618.274 : 600
429 35 29 43 27 37 : 618.274 : 600
429 35 29 43 27 37 : 618.274 : 600
429 35 29 43 27 37 : 618.274 : 600
417 34 32 47 29 41 : 647.437 : 600
395 45 36 53 27 44 : 696.783 : 600
395 45 36 53 27 44 : 696.783 : 600
395 45 36 53 27 44 : 696.783 : 600
395 45 36 53 27 44 : 696.783 : 600
395 45 36 53 27 44 : 696.783 : 600
395 45 36 53 27 44 : 696.783 : 600
395 45 36 53 27 44 : 696.783 : 600
377 50 41 56 30 46 : 736.583 : 600
362 51 46 57 36 48 : 769.608 : 600
362 51 46 57 36 48 : 769.608 : 600
362 51 46 57 36 48 : 769.608 : 600
362 51 46 57 36 48 : 769.608 : 600
362 51 46 57 36 48 : 769.608 : 600
362 51 46 57 36 48 : 769.608 : 600
362 51 46 57 36 48 : 769.608 : 600
354 53 43 60 39 51 : 785.281 : 600
348 53 47 64 37 51 : 795.945 : 600
348 53 47 64 37 51 : 795.945 : 600
348 53 47 64 37 51 : 795.945 : 600
348 53 47 64 37 51 : 795.945 : 600
348 53 47 64 37 51 : 795.945 : 600
348 53 47 64 37 51 : 795.945 : 600
348 53 47 64 37 51 : 795.945 : 600
335 54 48 65 39 59 : 820.337 : 600
329 52 50 65 40 64 : 831.008 : 600
329 52 50 65 40 64 : 831.008 : 600
329 52 50 65 40 64 : 831.008 : 600
329 52 50 65 40 64 : 831.008 : 600
329 52 50 65 40 64 : 831.008 : 600
329 52 50 65 40 64 : 831.008 : 600
329 52 50 65 40 64 : 831.008 : 600
316 53 57 68 38 68 : 852.179 : 600
304 54 62 77 35 68 : 868.8 : 600
304 54 62 77 35 68 : 868.8 : 600
304 54 62 77 35 68 : 868.8 : 600
304 54 62 77 35 68 : 868.8 : 600
304 54 62 77 35 68 : 868.8 : 600
304 54 62 77 35 68 : 868.8 : 600
304 54 62 77 35 68 : 868.8 : 600
289 60 68 77 38 68 : 893.974 : 600
276 66 64 80 44 70 : 915.308 : 600
276 66 64 80 44 70 : 915.308 : 600
276 66 64 80 44 70 : 915.308 : 600
276 66 64 80 44 70 : 915.308 : 600
276 66 64 80 44 70 : 915.308 : 600
276 66 64 80 44 70 : 915.308 : 600
276 66 64 80 44 70 : 915.308 : 600
270 67 66 80 47 70 : 924.921 : 600
264 67 64 86 50 69 : 932.845 : 600
264 67 64 86 50 69 : 932.845 : 600
264 67 64 86 50 69 : 932.845 : 600
264 67 64 86 50 69 : 932.845 : 600
264 67 64 86 50 69 : 932.845 : 600
264 67 64 86 50 69 : 932.845 : 600
264 67 64 86 50 69 : 932.845 : 600
264 64 63 90 49 70 : 931.305 : 600
261 64 66 90 51 68 : 936.137 : 600
261 64 66 90 51 68 : 936.137 : 600
261 64 66 90 51 68 : 936.137 : 600
261 64 66 90 51 68 : 936.137 : 600
261 64 66 90 51 68 : 936.137 : 600
261 64 66 90 51 68 : 936.137 : 600
261 64 66 90 51 68 : 936.137 : 600
257 71 63 93 48 68 : 939.532 : 600
249 76 58 96 53 68 : 949.529 : 600
249 76 58 96 53 68 : 949.529 : 600
249 76 58 96 53 68 : 949.529 : 600
249 76 58 96 53 68 : 949.529 : 600
249 76 58 96 53 68 : 949.529 : 600
249 76 58 96 53 68 : 949.529 : 600
243 76 61 98 53 69 : 956.896 : 600
249 76 58 96 53 68 : 949.529 : 600
236 77 60 101 57 69 : 965.147 : 600
236 77 60 101 57 69 : 965.147 : 600
236 77 60 101 57 69 : 965.147 : 600
236 77 60 101 57 69 : 965.147 : 600
236 77 60 101 57 69 : 965.147 : 600
236 77 60 101 57 69 : 965.147 : 600
229 77 62 97 60 75 : 975.534 : 600
229 77 63 97 60 74 : 975.709 : 600
221 73 62 98 66 80 : 984.905 : 600
221 73 62 98 66 80 : 984.905 : 600
221 73 62 98 66 80 : 984.905 : 600
221 73 62 98 66 80 : 984.905 : 600
221 73 62 98 66 80 : 984.905 : 600
221 73 62 98 66 80 : 984.905 : 600
215 72 67 97 67 82 : 992.224 : 600
214 72 67 98 67 82 : 993.01 : 600
207 76 69 98 70 80 : 1000.87 : 600
207 76 69 98 70 80 : 1000.87 : 600
207 76 69 98 70 80 : 1000.87 : 600
207 76 69 98 70 80 : 1000.87 : 600
207 76 69 98 70 80 : 1000.87 : 600
207 76 69 98 70 80 : 1000.87 : 600
199 77 66 98 78 82 : 1008.43 : 600
199 77 66 99 78 81 : 1008.24 : 600
195 85 67 97 77 79 : 1012.29 : 600
195 85 67 97 77 79 : 1012.29 : 600
195 85 67 97 77 79 : 1012.29 : 600
195 85 67 97 77 79 : 1012.29 : 600
195 85 67 97 77 79 : 1012.29 : 600
195 85 67 97 77 79 : 1012.29 : 600
191 88 67 98 76 80 : 1015.33 : 600
192 89 67 98 74 80 : 1014.23 : 600
187 92 69 94 79 79 : 1019.42 : 600
187 92 69 94 79 79 : 1019.42 : 600
187 92 69 94 79 79 : 1019.42 : 600
187 92 69 94 79 79 : 1019.42 : 600
187 92 69 94 79 79 : 1019.42 : 600
187 92 69 94 79 79 : 1019.42 : 600
182 90 71 96 82 79 : 1023.75 : 600
182 90 71 95 83 79 : 1023.89 : 600
182 93 69 92 83 81 : 1023.69 : 600
182 93 69 92 83 81 : 1023.69 : 600
182 93 69 92 83 81 : 1023.69 : 600
182 93 69 92 83 81 : 1023.69 : 600
182 93 69 92 83 81 : 1023.69 : 600
182 93 69 92 83 81 : 1023.69 : 600
176 94 73 92 81 84 : 1028.78 : 600
176 94 73 92 81 84 : 1028.78 : 600
173 97 74 92 78 86 : 1030.53 : 600
173 97 74 92 78 86 : 1030.53 : 600
173 97 74 92 78 86 : 1030.53 : 600
173 97 74 92 78 86 : 1030.53 : 600
173 97 74 92 78 86 : 1030.53 : 600
173 97 74 92 78 86 : 1030.53 : 600
167 98 76 96 77 86 : 1034.29 : 600
167 98 76 96 77 86 : 1034.29 : 600
167 95 78 93 77 90 : 1035.04 : 600
167 95 78 93 77 90 : 1035.04 : 600
167 95 78 93 77 90 : 1035.04 : 600
167 95 78 93 77 90 : 1035.04 : 600
167 95 78 93 77 90 : 1035.04 : 600
167 95 78 93 77 90 : 1035.04 : 600
159 96 80 98 77 90 : 1039.68 : 600
160 96 79 98 77 90 : 1038.98 : 600
156 96 78 99 76 95 : 1040.7 : 600
156 96 78 99 76 95 : 1040.7 : 600
156 96 78 99 76 95 : 1040.7 : 600
156 96 78 99 76 95 : 1040.7 : 600
156 96 78 99 76 95 : 1040.7 : 600
156 96 78 99 76 95 : 1040.7 : 600
152 100 81 97 75 95 : 1042.87 : 600
153 100 79 98 74 96 : 1041.78 : 600
151 98 76 98 76 101 : 1042.48 : 600
151 98 76 98 76 101 : 1042.48 : 600
151 98 76 98 76 101 : 1042.48 : 600
151 98 76 98 76 101 : 1042.48 : 600
151 98 76 98 76 101 : 1042.48 : 600
151 98 76 98 76 101 : 1042.48 : 600
146 99 76 100 79 100 : 1045.25 : 600
146 99 76 100 79 100 : 1045.25 : 600
145 100 77 96 80 102 : 1046.03 : 600
145 100 77 96 80 102 : 1046.03 : 600
145 100 77 96 80 102 : 1046.03 : 600
145 100 77 96 80 102 : 1046.03 : 600
145 100 77 96 80 102 : 1046.03 : 600
145 100 77 96 80 102 : 1046.03 : 600
142 102 79 97 80 100 : 1047.63 : 600
143 102 78 97 80 100 : 1047.04 : 600
Time of setting up values on cube matrix: 0.0013095
Time of calculation: 0.0971323
